1503138554.794000,0.281250
1503138554.804000,4.812500
1503138554.814000,0.906250
1503138554.824000,4.562500
1503138554.834000,2.343750
1503138554.844000,3.531250
1503138554.855000,0.718750
1503138554.866000,0.953125
1503138554.876000,2.687500
1503138554.886000,1.937500
1503138554.896000,3.000000
1503138554.906000,0.890625
1503138554.917000,3.187500
1503138554.927000,2.609375
1503138554.937000,0.281250
1503138554.947000,1.406250
1503138554.957000,4.109375
1503138554.967000,1.468750
1503138554.977000,3.703125
1503138554.987000,4.687500
1503138554.997000,0.203125
1503138555.008000,2.109375
1503138555.018000,0.156250
1503138555.028000,3.562500
1503138555.038000,3.046875
1503138555.048000,1.515625
1503138555.058000,4.062500
1503138555.068000,0.531250
1503138555.078000,4.000000
1503138555.089000,3.796875
1503138555.099000,3.203125
1503138555.109000,0.921875
1503138555.119000,0.984375
1503138555.129000,2.906250
1503138555.139000,4.984375
1503138555.149000,3.062500
1503138555.159000,3.750000
1503138555.170000,2.718750
1503138555.180000,2.281250
1503138555.190000,1.765625
1503138555.200000,4.734375
1503138555.210000,3.625000
1503138555.225000,2.062500
1503138555.235000,1.296875
1503138555.245000,4.765625
1503138555.255000,1.000000
1503138555.265000,3.843750
1503138555.275000,0.656250
1503138555.285000,1.828125
1503138555.295000,4.500000
1503138555.306000,0.812500
1503138555.316000,0.515625
1503138555.329000,0.890625
1503138555.340000,3.484375
1503138555.350000,3.343750
1503138555.360000,1.281250
1503138555.370000,1.078125
1503138555.380000,4.031250
1503138555.390000,4.687500
1503138555.400000,3.468750
1503138555.410000,1.312500
1503138555.421000,4.187500
1503138555.431000,2.437500
1503138555.441000,3.703125
1503138555.451000,0.375000
1503138555.461000,3.046875
1503138555.471000,0.578125
1503138555.481000,3.406250
1503138555.491000,4.765625
1503138555.501000,1.390625
1503138555.512000,1.359375
1503138555.522000,4.281250
1503138555.532000,4.000000
1503138555.542000,2.984375
1503138555.552000,0.968750
1503138555.562000,3.343750
1503138555.572000,3.437500
1503138555.582000,2.218750
1503138555.592000,0.984375
1503138555.603000,2.609375
1503138555.613000,1.453125
1503138555.623000,0.734375
1503138555.633000,3.218750
1503138555.643000,1.968750
1503138555.653000,2.562500
1503138555.663000,0.343750
1503138555.673000,4.078125
1503138555.684000,2.187500
1503138555.694000,1.640625
1503138555.704000,1.312500
1503138555.714000,2.671875
1503138555.724000,3.593750
1503138555.734000,4.765625
1503138555.744000,4.546875
1503138555.754000,3.140625
1503138555.764000,4.109375
1503138555.775000,0.031250
1503138555.785000,1.593750
1503138555.795000,0.843750
1503138555.805000,2.437500
1503138555.815000,0.734375
1503138555.825000,0.156250
1503138555.835000,3.593750
1503138555.851000,2.921875
1503138555.861000,4.109375
1503138555.871000,2.593750
1503138555.881000,2.187500
1503138555.891000,3.906250
1503138555.901000,0.921875
1503138555.911000,0.375000
1503138555.922000,3.437500
1503138555.932000,0.578125
1503138555.942000,0.328125
1503138555.952000,4.593750
1503138555.962000,3.500000
1503138555.972000,3.281250
1503138555.982000,1.046875
1503138555.992000,1.625000
1503138556.002000,3.218750
1503138556.013000,0.031250
1503138556.023000,0.937500
1503138556.033000,2.359375
1503138556.045000,2.703125
1503138556.056000,2.703125
1503138556.066000,1.500000
1503138556.076000,4.687500
1503138556.086000,2.062500
1503138556.096000,2.578125
1503138556.106000,0.281250
1503138556.116000,0.234375
1503138556.126000,4.875000
1503138556.137000,1.406250
1503138556.147000,3.843750
1503138556.157000,0.921875
1503138556.167000,1.546875
1503138556.177000,4.875000
1503138556.187000,0.421875
1503138556.197000,2.015625
1503138556.207000,2.828125
1503138556.217000,0.421875
1503138556.228000,1.609375
1503138556.238000,4.453125
1503138556.248000,2.578125
1503138556.258000,1.921875
1503138556.268000,3.078125
1503138556.278000,3.671875
1503138556.288000,3.031250
1503138556.298000,0.218750
1503138556.308000,0.375000
1503138556.319000,4.703125
1503138556.329000,4.156250
1503138556.339000,3.140625
1503138556.349000,3.625000
1503138556.359000,0.890625
1503138556.369000,2.421875
1503138556.379000,3.015625
1503138556.389000,2.546875
1503138556.399000,0.453125
1503138556.410000,2.046875
1503138556.420000,4.437500
1503138556.430000,1.218750
1503138556.440000,2.593750
1503138556.450000,2.625000
1503138556.460000,4.078125
1503138556.470000,1.406250
1503138556.480000,4.500000
1503138556.490000,3.234375
1503138556.501000,1.078125
1503138556.511000,1.187500
1503138556.521000,0.578125
1503138556.531000,0.734375
1503138556.541000,1.640625
1503138556.551000,0.171875
1503138556.561000,2.828125
1503138556.571000,1.796875
1503138556.581000,0.781250
1503138556.592000,1.531250
1503138556.602000,4.437500
1503138556.612000,3.984375
1503138556.622000,4.296875
1503138556.632000,1.625000
1503138556.642000,4.703125
1503138556.652000,4.046875
1503138556.662000,4.750000
1503138556.672000,1.718750
1503138556.683000,1.203125
1503138556.693000,2.375000
1503138556.703000,1.781250
1503138556.713000,2.015625
1503138556.723000,3.593750
1503138556.733000,4.015625
1503138556.743000,4.296875
1503138556.753000,1.140625
1503138556.763000,0.781250
1503138556.774000,0.250000
1503138556.784000,2.765625
1503138556.794000,2.078125
1503138556.804000,2.906250
1503138556.814000,0.531250
1503138556.824000,3.750000
1503138556.834000,2.109375
1503138556.844000,3.171875
1503138556.854000,4.187500
1503138556.864000,4.859375
1503138556.875000,3.156250
1503138556.885000,2.515625
1503138556.895000,3.234375
1503138556.905000,0.109375
1503138556.915000,2.578125
1503138556.925000,3.109375
1503138556.935000,0.093750
1503138556.945000,0.500000
1503138556.955000,1.046875
1503138556.966000,2.078125
1503138556.976000,0.937500
1503138556.986000,2.359375
1503138556.996000,1.078125
1503138557.006000,0.453125
1503138557.016000,4.343750
1503138557.026000,3.828125
1503138557.036000,2.968750
1503138557.046000,4.593750
1503138557.056000,0.734375
1503138557.067000,3.656250
1503138557.077000,1.968750
1503138557.087000,1.953125
1503138557.097000,4.218750
1503138557.107000,2.906250
1503138557.117000,4.671875
1503138557.127000,0.062500
1503138557.137000,4.031250
1503138557.147000,2.234375
1503138557.158000,2.515625
1503138557.168000,4.968750
1503138557.178000,0.375000
1503138557.188000,2.843750
1503138557.198000,4.000000
1503138557.208000,4.984375
1503138557.218000,2.109375
1503138557.228000,4.390625
1503138557.238000,0.281250
1503138557.249000,2.484375
1503138557.259000,1.656250
1503138557.269000,1.390625
1503138557.279000,4.546875
1503138557.289000,4.765625
1503138557.299000,1.375000
1503138557.309000,3.515625
1503138557.319000,3.390625
1503138557.329000,1.640625
1503138557.339000,2.421875
1503138557.349000,0.921875
1503138557.360000,3.281250
1503138557.370000,4.281250
1503138557.380000,1.296875
1503138557.390000,0.718750
1503138557.400000,3.656250
1503138557.410000,4.875000
1503138557.420000,0.265625
1503138557.430000,3.968750
1503138557.440000,3.328125
1503138557.450000,4.796875
1503138557.461000,3.156250
1503138557.471000,1.468750
1503138557.481000,4.656250
1503138557.491000,1.421875
1503138557.501000,3.046875
1503138557.511000,0.859375
1503138557.521000,2.031250
1503138557.531000,2.203125
1503138557.541000,2.750000
1503138557.551000,0.437500
1503138557.562000,4.718750
1503138557.572000,0.640625
1503138557.582000,2.250000
1503138557.592000,0.015625
1503138557.602000,0.906250
1503138557.612000,4.406250
1503138557.622000,3.875000
1503138557.632000,3.578125
1503138557.642000,1.000000
1503138557.653000,2.046875
1503138557.663000,0.281250
1503138557.673000,1.656250
1503138557.683000,0.890625
1503138557.693000,2.171875
1503138557.703000,3.031250
1503138557.713000,0.234375
1503138557.723000,4.875000
1503138557.733000,3.531250
1503138557.743000,1.312500
1503138557.753000,0.968750
1503138557.764000,2.593750
1503138557.774000,1.296875
1503138557.784000,0.015625
1503138557.794000,0.437500
1503138557.804000,1.593750
1503138557.814000,2.562500
1503138557.824000,2.640625
1503138557.834000,4.328125
1503138557.865000,2.156250
1503138557.905000,4.828125
1503138557.925000,1.453125
1503138557.945000,1.500000
1503138557.986000,7.312500
1503138557.996000,1.421875
1503138558.036000,4.328125
1503138558.046000,4.171875
1503138558.057000,1.593750
1503138558.087000,1.484375
1503138558.097000,0.453125
1503138558.137000,3.750000
1503138558.178000,4.671875
1503138558.228000,3.109375
1503138558.269000,4.843750
1503138558.279000,1.703125
1503138558.289000,0.781250
1503138558.330000,4.765625
1503138558.370000,4.390625
1503138558.410000,1.890625
1503138558.420000,2.750000
1503138558.461000,9.937500
1503138558.502000,3.453125
1503138558.512000,2.625000
