1503138554.784000,3.328125
1503138554.814000,3.328125
1503138554.855000,3.328125
1503138554.866000,3.328125
1503138554.906000,3.328125
1503138554.927000,3.328125
1503138554.947000,3.328125
1503138554.957000,3.328125
1503138554.967000,3.328125
1503138555.008000,3.328125
1503138555.048000,3.328125
1503138555.089000,3.328125
1503138555.109000,3.328125
1503138555.139000,3.328125
1503138555.170000,3.328125
1503138555.180000,3.328125
1503138555.190000,3.328125
1503138555.200000,3.328125
1503138555.210000,3.328125
1503138555.235000,3.328125
1503138555.245000,3.328125
1503138555.285000,3.328125
1503138555.306000,3.328125
1503138555.329000,3.328125
1503138555.340000,3.328125
1503138555.350000,3.328125
1503138555.380000,3.328125
1503138555.390000,3.328125
1503138555.431000,3.328125
1503138555.451000,3.328125
1503138555.471000,3.328125
1503138555.491000,3.328125
1503138555.522000,3.328125
1503138555.562000,3.328125
1503138555.572000,3.328125
1503138555.582000,3.328125
1503138555.603000,3.328125
1503138555.613000,3.328125
1503138555.663000,3.328125
1503138555.704000,3.328125
1503138555.714000,3.328125
1503138555.724000,3.328125
1503138555.764000,3.328125
1503138555.805000,3.328125
1503138555.825000,3.328125
1503138555.851000,3.328125
1503138555.861000,3.328125
1503138555.891000,3.328125
1503138555.901000,3.328125
1503138555.942000,3.328125
1503138555.962000,3.328125
1503138555.982000,3.328125
1503138555.992000,3.328125
1503138556.002000,3.328125
1503138556.033000,3.328125
1503138556.066000,3.328125
1503138556.086000,3.328125
1503138556.126000,3.328125
1503138556.137000,3.328125
1503138556.147000,3.328125
1503138556.187000,3.328125
1503138556.197000,3.328125
1503138556.228000,3.328125
1503138556.258000,3.328125
1503138556.278000,3.328125
1503138556.288000,3.328125
1503138556.319000,3.328125
1503138556.329000,3.328125
1503138556.339000,3.328125
1503138556.349000,3.328125
1503138556.379000,3.328125
1503138556.399000,3.328125
1503138556.430000,3.328125
1503138556.450000,3.328125
1503138556.470000,3.328125
1503138556.480000,3.328125
1503138556.490000,3.328125
1503138556.521000,3.328125
1503138556.551000,3.328125
1503138556.571000,3.328125
1503138556.612000,3.328125
1503138556.622000,3.328125
1503138556.632000,3.328125
1503138556.672000,3.328125
1503138556.713000,3.328125
1503138556.753000,3.328125
1503138556.804000,3.328125
1503138556.844000,3.328125
1503138556.854000,3.328125
1503138556.864000,3.328125
1503138556.905000,3.328125
1503138556.945000,3.328125
1503138556.986000,3.328125
1503138557.036000,3.328125
1503138557.077000,3.328125
1503138557.087000,3.328125
1503138557.097000,3.328125
1503138557.137000,3.328125
1503138557.178000,3.328125
1503138557.218000,3.328125
1503138557.269000,3.328125
1503138557.309000,3.328125
1503138557.319000,3.328125
1503138557.329000,3.328125
1503138557.370000,3.328125
1503138557.410000,3.328125
1503138557.450000,3.328125
1503138557.501000,3.328125
1503138557.541000,3.328125
1503138557.551000,3.328125
1503138557.562000,3.328125
1503138557.602000,3.328125
1503138557.642000,3.328125
1503138557.683000,3.328125
1503138557.733000,3.328125
1503138557.774000,3.328125
1503138557.784000,3.328125
1503138557.794000,3.328125
1503138557.834000,3.328125
1503138557.875000,3.328125
1503138557.915000,3.328125
1503138557.966000,3.328125
1503138558.006000,3.328125
1503138558.016000,3.328125
1503138558.026000,3.328125
1503138558.057000,3.328125
1503138558.107000,3.328125
1503138558.148000,3.328125
1503138558.158000,3.328125
1503138558.168000,3.328125
1503138558.208000,3.328125
1503138558.259000,3.328125
1503138558.299000,3.328125
1503138558.309000,3.328125
1503138558.319000,3.328125
1503138558.360000,3.328125
1503138558.400000,3.328125
1503138558.441000,3.328125
1503138558.492000,3.328125
1503138558.512000,3.328125
